# Physical parameters

dh_parameters:
  d1: 0.089159
  a2: -0.42500
  a3: -0.39225
  d4: 0.10915
  d5: 0.09465
  d6: 0.0823

offsets:
  shoulder_offset: 0.13585 # measured from model
  elbow_offset: 0.0165 # measured from model

inertia_parameters:
  base_mass: 4.0  # This mass might be incorrect
  shoulder_mass: 3.7000
  upper_arm_mass: 8.3930
  upper_arm_inertia_offset: 0.136
  forearm_mass: 2.2750
  wrist_1_mass: 1.2190
  wrist_2_mass: 1.2190
  wrist_3_mass: 0.1879

  shoulder_radius: 0.060   # manually measured
  upper_arm_radius: 0.054  # manually measured
  elbow_radius: 0.060      # manually measured
  forearm_radius: 0.040    # manually measured
  wrist_radius: 0.045      # manually measured

  links:
    base:
      radius: 0.06
      length: 0.05
    shoulder:
      radius: 0.075
      length: 0.178
    upperarm:
      radius: 0.06
      length: 0.425
    forearm:
      radius: 0.06
      length: 0.39225
    wrist_1:
      radius: 0.06
      length: 0.12
    wrist_2:
      radius: 0.06
      length: 0.12
    wrist_3:
      radius: 0.0375
      length: 0.0345
    wrist_1:
      radius: 0.06
      length: 0.095
    wrist_2:
      radius: 0.06
      length: 0.085
    wrist_3:
      radius: 0.0375
      length: 0.0305

  center_of_mass:
    shoulder_cog:
      x: 0.0
      y: 0.00193
      z: -0.02561
    upper_arm_cog:
      x: 0.0
      y: -0.024201
      z: 0.2125
    forearm_cog:
      x: 0.0
      y: 0.0265
      z: 0.11993
    wrist_1_cog:
      x: 0.0
      y: 0.110949
      z: 0.01634
    wrist_2_cog:
      x: 0.0
      y: 0.0018
      z: 0.11099
    wrist_3_cog:
      x: 0.0
      y: 0.001159
      z: 0.0

  # compatible with cylinder approximation
  rotation:
    shoulder:
      roll: 0
      pitch: 0
      yaw: 0
    upper_arm:
      roll: 0
      pitch: 1.570796326794897
      yaw: 0
    forearm:
      roll: 0
      pitch: 1.570796326794897
      yaw: 0
    wrist_1:
      roll: 0
      pitch: 0
      yaw: 0
    wrist_2:
      roll: 0
      pitch: 0
      yaw: 0
    wrist_3:
      roll: 0
      pitch: 0
      yaw: 0

  # generated using cylinder approximation
  tensor:
    shoulder:
      ixx: 0.014972358333333331
      ixy: 0
      ixz: 0
      iyy: 0.014972358333333331
      iyz: 0
      izz: 0.01040625
    upper_arm:
      ixx: 0.13388583541666665
      ixy: 0
      ixz: 0
      iyy: 0.13388583541666665
      iyz: 0
      izz: 0.0151074
    forearm:
      ixx: 0.031216803515624995
      ixy: 0
      ixz: 0
      iyy: 0.031216803515624995
      iyz: 0
      izz: 0.004095
    wrist_1:
      ixx: 0.002013889583333333
      ixy: 0
      ixz: 0
      iyy: 0.002013889583333333
      iyz: 0
      izz: 0.0021942
    wrist_2:
      ixx: 0.0018310395833333333
      ixy: 0
      ixz: 0
      iyy: 0.0018310395833333333
      iyz: 0
      izz: 0.0021942
    wrist_3:
      ixx: 8.062475833333332e-05
      ixy: 0
      ixz: 0
      iyy: 8.062475833333332e-05
      iyz: 0
      izz: 0.0001321171875